10
15-19
83
223
297
364
47
115
346
247-5
231
505
2
110
68
521
129
4-18
516
58
51
354
374
522
6-15
30-2
513
519-4
438
157
242
13
194
251
520
357
14
23
33
207
358
109
349-4
230
193
368
86
225
360
67
62
102
18
1
78
114
389
45
373
375
53
66
43
49
136
376
184
55
235
507
46
523-5
597
170
81
147
246
332
121
292-5
369
305
500
85
70-2
348
25
301
337-2
502
561-2
123
34
256-2
290
220
343
291
39
499
249-6
84
186
42
387
105
137
504
395-2
138
228
152
103
141
594
498-2
148
38
503
592
155
171
145
218
144-2
394
149
238-2
595
288
35
287
134
61
392
213-2
183
509
393
120
122
26
345
363
119
118
212
28-5
232
299
133
351
298
289
113
340
304
24
303
222
302
168
198
140
63
353
169
355
172
567
321
197
92
565
314
89
100
564
202
571
99
27
107
215
326
128
254
108
338
320
335
342
127
116
319
217
166
91
341
88
17
156
80
327
527
538
539
535
257
537
515
514
547
453
413
419
549
411
432
417
452
550
530-2
261
442
454
449
406
262
551
450
444
435
416
456
540
408
494
403
414
578
577
421
459
468
179
175
462
380
584
458
590
473
266
165
434
472
476
465
585
440
599
463
164
398
589
447
480
307
159
583
422
576
433
386
426
176
455
559
429
464
575
316
487
586
378
161
477
296
591
382
427
280
282
285
424
582
402
479
469
485
281
277
347
405
412
573
587
441
420
542
295
317
471
491
481
558
437
486
318
404
330
312
272
475
284
310
283
167
401
163
484
135
399
311
275
352
428
489
388
574
488
588
431
350
